-8339580246742684037
-3804764644213050427
1633728108409607470
-373592537041512720
5285431755547020703
7759645718097057324
-3481183234052573741
4095455182716026316
-3237622921309009258
-6802388775151445241
-6802388775151445241
-2520543553042804103
6887560276620070405
-7583729945314761299
4352702624401550431
-3677260073702275958
8724791215129336276
-309967264396384786
2910252197499836102
3928154927214870322
-8857577106428131475
8542364323841001942
-7494504581674418028
5371430151660333448
-5607616480836942184
-5607616480836942184
776187080914225031
8877213342722436726
-7792653903685594571
-2058213307096914860
-9175990531479526567
-2998296833946148974
7619165287511918208
2573115973906263545
2578913120214568063
-8053824938236977759
-9144048929962232108
-3119365308298876293
-6266485265121859546
-2506555925140069577
-4141146852674505937
-3358117962588806897
6306657270125435463
