-3804764644213050427
1219571316562278385
748565647209295550
-8982498414109027053
-1368894885580810221
4807244823066716085
4036240579288864838
-5408931899069232810
-1374879987811618310
2298411845954522234
1337589084235803518
-7759697180695340757
-754327547096210182
2767937580392930447
9173379365699685858
7433389673872188014
-4902858539716561609
1716423262138833950
-8006356577890503357
8352159464768211312
-8995700792273932702
2655081133072604155
-8028291960936258170
1276088590460418288
3832133066224107761
6740005837147533052
-3961425498683643079
2320960542694911539
-1198883971724660225
-4435315329249137305
2229872809630449348
-7290218108470889169
4389989719256822519
-6527681182650823174
-7431688329893420823
-2711596631435908805
-2998153486071515980
-6696700224523838812
1834095366581584646
-4017903907168583904
-6536497682071397693
365788562536482897
8454985459063302862
-936087033778841553
4097240819190065720
-3839775551464439501
817801122028400116
5946936006196330746
-7963779339363341159
-3182246761062422379
-2995933355881417216
-5678226520999758225
1189399074532018139
-250864187044885237
-2693263906616744231
3748995650466196742
-1959848017857108979
