pygame-ce 2.5.5 (SDL 2.32.6, Python 3.11.8)
0
[0]
[0]
[0]
[1, 2, 3, 4, 5, 6, 7]
[0]
[1, 2, 3, 4, 5, 6, 7]
[0]
[1, 2, 3, 4, 5, 6, 7, 8, 9, 10, 11, 12]
[0]
[1, 2, 3, 4, 5, 6, 7, 8, 9, 10, 11, 12, 13]
[0]
[1, 2, 3, 4, 5, 6, 7, 8, 9, 10, 11, 12, 13]
[0]
[1, 2, 3, 4, 5, 6, 7, 8, 9, 10]
[0]
[1]
[2, 3, 4, 5]
[6, 7, 8, 9, 10, 11, 12, 13, 14, 15, 16, 17]
[18, 19, 20, 21, 22, 23, 24, 25, 26, 27, 28, 29, 30, 31, 32, 33]
[0]
[1]
[2, 3, 4, 5, 6, 7, 8, 9, 10, 11]
[0]
[1]
[0]
[0]
[1, 2, 3]
[0]
[1, 2, 3, 4, 5]
[0]
[1, 2, 3, 4, 5, 6, 7]
[0]
[1, 2, 3, 4, 5, 6, 7, 8, 9, 10]
[0]
[1, 2, 3, 4, 5, 6, 7, 8, 9, 10, 11]
[0]
[1, 2, 3, 4, 5, 6, 7, 8, 9, 10, 11, 12]
[0]
[1, 2, 3, 4, 5, 6, 7, 8, 9, 10, 11, 12, 13, 14]
[0]
[1, 2, 3, 4, 5, 6, 7, 8, 9, 10, 11, 12, 13, 14, 15, 16, 17]
[0]
[1, 2, 3, 4, 5, 6, 7, 8, 9, 10, 11, 12, 13, 14, 15, 16, 17, 18]
[0]
[1, 2, 3, 4, 5, 6, 7, 8, 9, 10, 11, 12, 13, 14, 15, 16, 17, 18]
[0]
[1, 2, 3, 4, 5, 6, 7, 8, 9, 10, 11, 12, 13, 14, 15, 16, 17, 18, 19]
[0, 1]
[2]
[3, 4, 5]
[6, 7, 8, 9]
[10, 11, 12, 13, 14, 15]
[16, 17, 18, 19, 20, 21]
[22, 23, 24, 25, 26, 27, 28, 29, 30, 31, 32, 33, 34, 35, 36]
[0, 1, 2]
[3]
[4, 5, 6, 7, 8]
[9, 10, 11, 12]
[13, 14, 15]
[16, 17, 18, 19, 20, 21]
[22, 23, 24, 25, 26]
[27, 28, 29, 30, 31, 32, 33, 34, 35, 36, 37, 38]
[0, 1, 2, 3]
[4, 5, 6, 7]
[8, 9, 10, 11, 12, 13, 14, 15, 16, 17, 18, 19, 20, 21, 22, 23, 24, 25, 26, 27, 28, 29, 30, 31, 32, 33, 34, 35, 36, 37, 38]
[0]
[1, 2, 3, 4]
[5, 6, 7, 8]
[9, 10, 11, 12, 13, 14, 15]
[0, 1, 2, 3]
[4, 5, 6, 7]
[8, 9, 10, 11, 12, 13, 14]
[0, 1, 2, 3]
[4, 5, 6, 7]
[8, 9, 10, 11, 12, 13, 14]
[0, 1, 2, 3]
[0]
[0]
[1]
[0]
[1]
[2]
[0]
[1]
[2]
[3]
[0, 1, 2, 3, 4]
[0, 1, 2, 3, 4]
[0, 1, 2, 3, 4, 5]
[0]
[0]
[1, 2, 3, 4, 5, 6, 7, 8, 9, 10, 11]
[0, 1]
[2, 3, 4, 5, 6, 7, 8, 9, 10, 11]
[12, 13, 14, 15, 16, 17, 18, 19, 20, 21, 22, 23, 24, 25, 26, 27, 28]
[0]
[0, 1, 2]
[0, 1, 2, 3, 4, 5, 6, 7, 8]
[9, 10, 11, 12, 13, 14, 15, 16, 17, 18, 19, 20, 21, 22, 23]
[0]
[1, 2]
[3, 4, 5, 6, 7, 8, 9, 10, 11, 12, 13, 14, 15, 16]
[0, 1, 2, 3]
[4, 5, 6, 7, 8, 9, 10]
[11, 12, 13, 14, 15, 16, 17, 18, 19, 20, 21, 22]
[0]
[1]
[2, 3, 4, 5, 6, 7, 8, 9, 10, 11, 12, 13, 14, 15, 16, 17, 18, 19, 20]
[0]
[1]
[2, 3, 4, 5, 6, 7, 8, 9, 10, 11, 12, 13, 14, 15, 16, 17, 18, 19, 20, 21, 22, 23, 24, 25, 26, 27, 28, 29, 30, 31]
[0]
[1, 2, 3, 4, 5, 6, 7, 8, 9, 10, 11, 12]
[0]
[1, 2, 3, 4]
[0, 1, 2, 3]
[0, 1, 2, 3, 4, 5, 6]
[0, 1, 2, 3, 4, 5, 6, 7]
[0, 1, 2, 3, 4, 5, 6, 7]
[0, 1, 2, 3, 4, 5, 6, 7, 8, 9, 10, 11]
[0, 1, 2, 3, 4, 5, 6, 7, 8, 9, 10, 11]
[0, 1, 2, 3, 4, 5, 6, 7, 8, 9, 10, 11]
[0, 1, 2, 3, 4, 5, 6, 7, 8, 9]
[0]
[0]
[1, 2, 3, 4, 5, 6, 7, 8, 9, 10, 11, 12]
[0, 1]
[2]
[3, 4, 5, 6, 7, 8, 9, 10, 11, 12, 13, 14, 15, 16, 17, 18, 19, 20, 21, 22, 23, 24, 25, 26, 27, 28]
[0, 1, 2, 3, 4, 5, 6, 7, 8, 9, 10, 11, 12, 13, 14, 15, 16, 17, 18, 19]
[0, 1, 2, 3, 4, 5, 6, 7, 8, 9, 10, 11, 12, 13, 14, 15, 16, 17, 18, 19, 20, 21, 22, 23, 24, 25]
[0]
[0]
[0]
[1]
[0]
[1]
[2, 3, 4, 5, 6, 7]
[0]
[1]
[2, 3, 4, 5, 6, 7, 8, 9]
[0]
[1]
[2, 3, 4, 5, 6, 7, 8, 9]
[0]
[1]
[2, 3, 4, 5, 6, 7, 8, 9]
[0]
[1]
[2, 3]
[4]
[5]
[6, 7, 8, 9, 10]
[11, 12, 13, 14, 15]
[16, 17, 18, 19, 20, 21]
[0]
[1]
[2, 3, 4, 5, 6, 7]
[0]
[1]
[2, 3, 4, 5, 6]
[0]
[1]
[2, 3, 4, 5]
[0]
[1]
[0, 1, 2, 3, 4]
[0, 1, 2, 3]
[0, 1, 2, 3, 4, 5, 6, 7, 8, 9, 10, 11, 12]
[0, 1, 2, 3, 4, 5, 6, 7]
[8, 9, 10, 11, 12, 13, 14, 15, 16, 17, 18]
[0, 1, 2]
[3, 4, 5, 6, 7, 8]
[9, 10, 11, 12, 13, 14, 15]
[0, 1, 2]
[3, 4, 5, 6, 7, 8]
[9, 10, 11, 12, 13, 14, 15, 16]
[0, 1, 2]
[3, 4, 5, 6, 7, 8]
[9, 10, 11, 12, 13, 14, 15, 16, 17, 18, 19, 20, 21, 22, 23]
[0, 1, 2, 3, 4, 5]
[6, 7, 8, 9, 10, 11, 12, 13, 14, 15, 16, 17, 18, 19, 20, 21, 22]
[0, 1, 2, 3, 4, 5]
[6, 7, 8, 9, 10, 11, 12, 13, 14, 15, 16, 17, 18, 19, 20, 21, 22, 23, 24, 25, 26]
[0, 1, 2, 3]
[4, 5, 6, 7, 8, 9]
[10, 11, 12, 13, 14, 15, 16, 17, 18, 19, 20]
[0, 1, 2, 3]
[4, 5, 6, 7, 8, 9]
[10, 11, 12, 13, 14, 15, 16, 17, 18, 19, 20, 21]
[0, 1, 2, 3]
[4, 5, 6, 7, 8, 9]
[10, 11, 12, 13, 14, 15, 16, 17, 18, 19, 20, 21, 22, 23, 24, 25, 26, 27]
[0]
[1, 2]
[3, 4, 5, 6]
[7, 8, 9, 10, 11]
[12, 13, 14, 15, 16, 17]
[0]
[1, 2, 3, 4]
[5, 6, 7, 8, 9, 10, 11, 12, 13, 14, 15]
[0]
[1, 2, 3, 4]
[0, 1, 2, 3]
[0]
[0]
[1, 2, 3, 4, 5]
[6, 7, 8]
[9, 10, 11, 12, 13, 14, 15, 16]
[0]
[1, 2, 3, 4]
[5, 6, 7, 8, 9]
[10, 11, 12, 13, 14, 15, 16]
[0]
[1, 2, 3, 4]
[5, 6, 7, 8, 9, 10]
[11, 12, 13, 14, 15, 16, 17]
[0, 1, 2, 3]
[4, 5, 6, 7, 8, 9]
[10, 11, 12, 13, 14, 15, 16, 17]
[0, 1, 2, 3]
[4, 5, 6, 7, 8, 9, 10]
[11, 12, 13, 14, 15, 16, 17, 18]
[0, 1, 2, 3]
[4, 5, 6, 7, 8, 9, 10, 11]
[12, 13, 14, 15, 16, 17, 18, 19]
[0, 1, 2, 3]
[4, 5, 6, 7, 8, 9, 10]
[11, 12, 13, 14, 15, 16, 17, 18]
[0, 1, 2, 3]
[4, 5, 6, 7, 8, 9, 10, 11, 12, 13, 14, 15, 16, 17, 18, 19]
[0, 1, 2, 3]
[4, 5, 6, 7, 8, 9, 10, 11, 12, 13, 14, 15, 16, 17, 18, 19]
[0, 1, 2, 3]
[4, 5, 6, 7, 8, 9, 10]
[0, 1, 2, 3]
[0, 1, 2, 3, 4, 5, 6, 7, 8, 9]
[0]
[1, 2, 3, 4, 5, 6, 7, 8, 9, 10, 11, 12, 13]
[14, 15, 16, 17, 18, 19, 20, 21, 22, 23, 24, 25, 26, 27, 28, 29, 30, 31, 32, 33, 34, 35, 36, 37, 38, 39, 40, 41]
[0, 1, 2, 3, 4, 5]
[6, 7, 8, 9, 10, 11]
[12, 13, 14, 15, 16, 17, 18, 19, 20]
[0]
[1, 2, 3, 4, 5, 6]
[0, 1, 2]
[0, 1, 2, 3, 4]
[0]
[1, 2, 3, 4, 5]
[6, 7, 8, 9, 10]
[11, 12, 13, 14, 15, 16, 17, 18, 19, 20]
[0]
[1, 2, 3]
[4, 5, 6, 7, 8, 9, 10, 11]
[12, 13, 14, 15, 16, 17, 18, 19, 20, 21]
[0, 1, 2]
[3, 4, 5, 6, 7, 8]
[9, 10, 11, 12, 13, 14, 15, 16, 17]
[0, 1, 2]
[3, 4, 5, 6, 7, 8, 9, 10]
[0]
[1, 2, 3]
[4, 5, 6, 7, 8, 9]
[0]
[1, 2, 3, 4]
[5, 6, 7, 8, 9, 10]
[0]
[1, 2, 3, 4, 5, 6]
[0]
[1, 2, 3, 4, 5, 6, 7, 8, 9]
[0]
[1, 2, 3, 4, 5]
[0]
[0]
[1]
[0]
[1]
[2, 3, 4, 5, 6]
[0]
[1]
[2, 3, 4, 5, 6, 7]
[0]
[1]
[2, 3, 4, 5, 6, 7, 8, 9, 10, 11]
[0]
[1]
[2, 3, 4, 5, 6, 7, 8, 9, 10, 11, 12]
[0]
[1]
[2, 3, 4, 5, 6, 7, 8, 9, 10, 11, 12]
[0]
[1]
[2, 3, 4, 5, 6, 7, 8]
[9, 10, 11, 12, 13, 14, 15, 16, 17, 18, 19, 20]
[0]
[1]
[2, 3, 4, 5, 6, 7]
[8, 9, 10, 11, 12, 13, 14, 15, 16, 17, 18, 19, 20]
[21, 22, 23, 24, 25, 26, 27, 28, 29, 30, 31, 32, 33, 34, 35]
[0, 1]
[2, 3, 4, 5]
[0]
[1]
[2, 3]
[0]
[1, 2, 3]
[0, 1, 2]
[0]
[0]
[0]
[1, 2, 3, 4, 5, 6]
[0]
[1, 2, 3, 4, 5]
[0]
[1, 2, 3, 4, 5, 6, 7, 8]
[0, 1, 2, 3, 4]
[5, 6, 7, 8, 9, 10, 11, 12, 13, 14]
[0]
[1, 2, 3, 4, 5, 6, 7]
[8, 9, 10, 11, 12, 13, 14, 15, 16, 17, 18, 19, 20, 21]
[0]
[1, 2, 3, 4, 5, 6, 7]
[8, 9, 10, 11, 12, 13, 14, 15, 16, 17, 18, 19, 20, 21, 22, 23]
[0]
[1, 2, 3, 4, 5, 6, 7]
[8, 9, 10, 11, 12, 13, 14, 15, 16, 17, 18, 19, 20, 21, 22, 23, 24]
[0]
[1, 2, 3, 4, 5, 6, 7]
[8, 9, 10, 11, 12, 13, 14, 15, 16, 17, 18, 19, 20, 21, 22, 23]
[0, 1, 2, 3]
[0, 1, 2, 3, 4, 5, 6, 7, 8, 9, 10]
[0, 1, 2, 3, 4, 5, 6, 7, 8, 9]
[0, 1, 2, 3, 4, 5, 6, 7, 8, 9]
[0, 1, 2, 3, 4, 5, 6, 7]
[8, 9, 10, 11, 12, 13, 14, 15, 16, 17, 18]
[0]
[1, 2, 3, 4, 5, 6, 7, 8, 9, 10]
[0]
[1, 2, 3, 4, 5, 6, 7, 8, 9]
[0]
[1, 2, 3, 4, 5, 6, 7, 8, 9, 10, 11, 12, 13, 14]
[0]
[1, 2, 3, 4, 5, 6, 7, 8, 9, 10, 11, 12, 13, 14]
[0]
[1, 2, 3, 4, 5, 6, 7, 8, 9, 10, 11, 12, 13, 14, 15, 16, 17, 18]
[0]
[1, 2, 3, 4, 5, 6, 7, 8, 9, 10, 11, 12, 13, 14, 15, 16, 17, 18, 19]
[0, 1]
[0, 1, 2]
[0, 1, 2, 3, 4, 5, 6, 7, 8, 9, 10, 11, 12, 13, 14]
[0, 1, 2, 3, 4, 5, 6, 7, 8, 9, 10, 11, 12, 13, 14, 15]
[0, 1, 2, 3, 4]
[5, 6, 7, 8, 9, 10, 11, 12, 13, 14, 15, 16, 17, 18, 19, 20, 21, 22]
[0, 1, 2]
[3, 4, 5, 6]
[7, 8, 9, 10, 11, 12]
[13, 14, 15, 16, 17, 18, 19, 20, 21]
[0, 1, 2, 3, 4, 5, 6]
[7, 8, 9, 10, 11, 12]
[13, 14, 15, 16, 17, 18, 19, 20, 21, 22, 23, 24, 25]
[0]
[1, 2, 3]
[4, 5, 6]
[7, 8, 9, 10, 11, 12]
[13, 14, 15, 16, 17, 18, 19, 20, 21]
[0]
[1, 2, 3]
[4, 5, 6]
[7, 8, 9, 10, 11, 12]
[13, 14, 15, 16, 17, 18, 19, 20, 21]
[0, 1, 2]
[3, 4, 5, 6, 7]
[8, 9, 10, 11, 12, 13]
[14, 15, 16, 17, 18, 19, 20, 21]
[0, 1, 2]
[3, 4, 5, 6, 7, 8]
[9, 10, 11, 12, 13, 14, 15, 16]
[0, 1, 2]
[3, 4, 5, 6, 7, 8]
[9, 10, 11, 12, 13, 14, 15, 16]
[0, 1, 2]
[3, 4, 5, 6, 7, 8]
[9, 10, 11, 12, 13, 14, 15, 16, 17, 18, 19]
[0, 1, 2]
[3, 4, 5, 6, 7, 8]
[0, 1, 2, 3, 4, 5]
[0]
[0]
[1]
[0, 1, 2, 3, 4, 5, 6, 7, 8, 9]
[0, 1, 2, 3, 4, 5, 6, 7, 8, 9, 10, 11, 12]
[0]
[1, 2, 3, 4]
[5, 6, 7, 8]
[9, 10, 11, 12, 13, 14, 15, 16, 17, 18, 19, 20, 21, 22]
[0]
[1, 2, 3, 4]
[5, 6, 7, 8, 9, 10, 11, 12, 13, 14, 15, 16, 17]
[0]
[1, 2, 3, 4]
[5, 6, 7, 8]
[0, 1, 2, 3]
[0, 1, 2, 3, 4]
[0, 1, 2, 3, 4, 5, 6]
[0]
[1]
[2, 3, 4, 5, 6, 7, 8, 9, 10, 11, 12, 13, 14, 15, 16, 17, 18, 19]
[0]
[1, 2, 3, 4, 5, 6, 7, 8, 9, 10, 11, 12, 13, 14, 15]
[0]
[1]
[2]
[3, 4, 5]
[6, 7, 8, 9, 10]
[0]
[1]
[2]
[3, 4, 5]
[6, 7, 8, 9, 10]
[0]
[1]
[2, 3, 4, 5, 6]
[7, 8, 9, 10, 11]
[0]
[1]
[2, 3, 4, 5, 6]
[7, 8, 9, 10, 11, 12, 13]
[0, 1, 2, 3, 4, 5, 6, 7, 8]
[0, 1, 2, 3, 4, 5, 6, 7, 8]
[0, 1, 2, 3, 4, 5, 6, 7, 8, 9, 10, 11, 12, 13, 14, 15, 16, 17]
[0, 1, 2, 3]
[4, 5, 6, 7]
[8, 9, 10, 11, 12, 13]
[14, 15, 16, 17, 18, 19, 20, 21, 22, 23, 24, 25, 26, 27, 28, 29]
[0, 1, 2, 3]
[4, 5, 6, 7]
[8, 9, 10, 11, 12, 13]
[14, 15, 16, 17, 18, 19, 20, 21, 22, 23, 24, 25]
[0, 1, 2]
[3, 4, 5, 6]
[7, 8, 9, 10, 11, 12]
[13, 14, 15, 16, 17, 18, 19, 20, 21, 22, 23, 24]
[0, 1, 2]
[3, 4, 5, 6]
[7, 8, 9, 10, 11, 12]
[13, 14, 15, 16, 17, 18, 19, 20, 21, 22, 23, 24]
[0, 1, 2]
[3, 4, 5, 6]
[7, 8, 9, 10, 11, 12]
[13, 14, 15, 16, 17, 18, 19, 20, 21, 22, 23, 24, 25, 26]
[0, 1, 2, 3]
[4, 5, 6, 7, 8, 9, 10, 11, 12, 13, 14, 15, 16, 17, 18, 19, 20]
[0, 1, 2]
[3, 4, 5, 6]
[7, 8, 9, 10]
[0, 1, 2]
[3, 4, 5, 6]
[7, 8, 9, 10, 11, 12]
[0, 1, 2]
[3, 4, 5, 6]
[7, 8, 9, 10, 11, 12]
[0, 1, 2]
[3, 4, 5, 6]
[7, 8, 9, 10, 11, 12, 13]
[0, 1, 2]
[3, 4, 5, 6]
[7, 8, 9, 10, 11, 12, 13, 14, 15]
[0, 1, 2]
[3, 4, 5, 6]
[0, 1, 2, 3]
[0, 1, 2, 3]
[0]
[0, 1, 2, 3, 4]
[0, 1, 2, 3, 4, 5, 6]
[0, 1, 2, 3, 4, 5, 6]
[0, 1, 2, 3, 4, 5, 6, 7, 8, 9, 10]
[0]
[1, 2, 3, 4, 5, 6, 7, 8]
[0]
[1, 2, 3, 4, 5, 6, 7, 8, 9, 10]
[0]
[1, 2, 3, 4, 5, 6, 7, 8, 9, 10, 11, 12]
[0, 1, 2, 3, 4, 5, 6, 7, 8, 9, 10, 11, 12, 13]
[0, 1, 2, 3, 4, 5, 6, 7, 8, 9, 10, 11, 12, 13, 14]
[0]
[0]
[1, 2, 3]
[0]
[1, 2, 3, 4, 5]
[0, 1, 2, 3, 4]
[0, 1, 2, 3, 4, 5, 6, 7, 8]
[0]
[1, 2, 3, 4]
[0]
[1, 2, 3, 4, 5, 6, 7, 8, 9, 10, 11, 12, 13, 14, 15, 16, 17, 18, 19]
[0]
[1, 2, 3, 4]
[5, 6, 7, 8, 9, 10, 11, 12, 13, 14]
[15, 16, 17, 18, 19, 20, 21, 22, 23, 24, 25, 26, 27, 28, 29, 30, 31, 32, 33, 34, 35, 36, 37]
[0, 1, 2, 3]
[4, 5, 6, 7]
[8, 9, 10, 11, 12, 13, 14, 15, 16, 17, 18, 19, 20]
[0, 1, 2, 3]
[4, 5, 6, 7]
[0, 1, 2, 3]
[0, 1, 2, 3]
[0, 1, 2, 3, 4, 5, 6, 7, 8, 9, 10, 11]
[0, 1, 2, 3, 4, 5, 6, 7, 8, 9, 10, 11, 12]
[0, 1, 2, 3, 4, 5, 6, 7, 8, 9, 10, 11, 12]
[0]
[1, 2, 3, 4, 5, 6, 7, 8, 9, 10, 11, 12, 13]
[0]
[1]
[2, 3, 4, 5, 6, 7, 8, 9, 10, 11, 12, 13, 14]
[0, 1, 2, 3, 4]
[0, 1, 2, 3, 4]
[0, 1, 2, 3, 4, 5, 6]
[0, 1, 2, 3, 4]
[5, 6, 7, 8, 9, 10, 11, 12, 13, 14, 15, 16, 17]
[0, 1, 2, 3, 4]
[5, 6, 7, 8, 9, 10]
[11, 12, 13, 14, 15, 16, 17, 18]
[0, 1, 2, 3, 4, 5, 6]
[7, 8, 9, 10, 11, 12]
[13, 14, 15, 16, 17, 18, 19, 20, 21, 22, 23, 24, 25]
[0, 1, 2, 3, 4, 5]
[6, 7, 8, 9, 10, 11, 12, 13, 14, 15, 16, 17, 18, 19, 20, 21, 22, 23, 24, 25, 26]
[0, 1, 2, 3, 4, 5]
[6, 7, 8, 9, 10, 11, 12, 13, 14, 15, 16, 17, 18, 19, 20, 21, 22, 23, 24, 25, 26, 27, 28, 29, 30]
[0, 1, 2, 3, 4, 5]
[6, 7, 8, 9, 10, 11, 12, 13, 14, 15]
[16, 17, 18, 19, 20, 21, 22, 23, 24, 25, 26, 27, 28, 29, 30, 31]
[0, 1, 2, 3, 4, 5]
[6, 7, 8, 9, 10, 11, 12, 13, 14, 15]
[16, 17, 18, 19, 20, 21, 22, 23, 24, 25, 26, 27, 28, 29, 30, 31]
[0, 1, 2, 3, 4, 5]
[6, 7, 8, 9, 10, 11, 12, 13, 14, 15]
[16, 17, 18, 19, 20, 21, 22, 23, 24, 25, 26, 27, 28, 29, 30, 31, 32]
[0, 1, 2, 3, 4, 5]
[6, 7, 8, 9, 10, 11, 12, 13, 14, 15]
[16, 17, 18, 19, 20, 21, 22, 23, 24, 25, 26, 27, 28, 29, 30, 31, 32, 33]
[0, 1, 2, 3, 4, 5, 6, 7, 8, 9, 10, 11, 12, 13]
[0, 1, 2, 3, 4, 5]
[0, 1, 2, 3, 4, 5]
[0]
[0]
[1, 2, 3, 4, 5]
[6, 7, 8, 9, 10, 11, 12]
[0]
[1, 2, 3, 4, 5, 6, 7, 8, 9, 10, 11]
[0]
[1, 2, 3, 4, 5, 6, 7, 8, 9, 10, 11, 12, 13, 14, 15]
[0]
[1, 2, 3, 4, 5, 6]
[7, 8, 9, 10, 11, 12, 13, 14, 15, 16, 17]
[18, 19, 20, 21, 22, 23, 24, 25, 26, 27, 28, 29, 30, 31, 32, 33, 34, 35, 36, 37, 38]
[0]
[1, 2, 3, 4, 5, 6, 7, 8, 9, 10, 11, 12, 13, 14, 15, 16, 17]
[18, 19, 20, 21, 22, 23, 24, 25, 26, 27, 28, 29, 30, 31, 32, 33, 34, 35, 36, 37, 38, 39]
[0, 1]
[2]
[3, 4, 5, 6, 7, 8, 9, 10, 11, 12, 13, 14, 15, 16, 17, 18, 19, 20, 21, 22, 23, 24, 25, 26, 27, 28, 29, 30, 31, 32, 33, 34, 35, 36, 37, 38, 39]
[0]
[1, 2, 3, 4]
[5, 6, 7, 8, 9, 10, 11, 12, 13, 14, 15, 16, 17, 18, 19, 20, 21, 22, 23, 24, 25, 26, 27, 28, 29]
[0]
[1, 2, 3, 4, 5, 6, 7, 8, 9, 10, 11, 12, 13, 14, 15, 16, 17, 18, 19, 20, 21, 22, 23, 24, 25, 26]
[0]
[1, 2, 3, 4, 5, 6, 7, 8, 9]
[10, 11, 12, 13, 14, 15, 16, 17, 18, 19, 20, 21, 22, 23]
[0]
[1, 2, 3, 4]
[0]
[0]
[1, 2, 3, 4, 5, 6]
[0]
[1, 2, 3, 4, 5, 6, 7, 8, 9, 10]
[0]
[1, 2, 3, 4, 5, 6, 7, 8, 9, 10]
[0]
[1, 2, 3, 4, 5, 6, 7, 8, 9, 10]
[0]
[1, 2, 3, 4, 5, 6, 7, 8, 9, 10, 11, 12, 13]
[0]
[1]
[2]
[3, 4, 5, 6]
[7, 8, 9, 10, 11, 12, 13, 14, 15, 16, 17, 18, 19, 20]
[0]
[1]
[2]
[3, 4, 5]
[6, 7, 8, 9, 10, 11, 12, 13, 14, 15, 16, 17, 18, 19, 20, 21]
[0]
[1]
[2, 3, 4]
[5, 6, 7, 8, 9, 10, 11, 12, 13, 14, 15, 16, 17, 18, 19]
[0]
[1]
[2]
[3, 4, 5, 6, 7, 8, 9, 10, 11, 12, 13, 14, 15, 16, 17]
[0]
[1]
[2]
[3, 4, 5, 6, 7, 8, 9, 10, 11, 12, 13, 14, 15, 16, 17]
[0]
[1]
[2]
[3, 4, 5, 6, 7]
[0]
[1]
[2]
[0, 1, 2, 3, 4]
[0, 1, 2, 3]
[0, 1]
[0, 1, 2]
[0, 1, 2, 3, 4, 5, 6, 7]
[0, 1, 2, 3, 4, 5, 6, 7, 8, 9, 10, 11, 12]
[0, 1, 2, 3, 4, 5, 6, 7]
[8, 9, 10, 11, 12, 13, 14, 15, 16, 17, 18, 19, 20, 21, 22, 23, 24, 25, 26, 27, 28, 29]
[0, 1, 2, 3, 4, 5, 6, 7, 8, 9, 10, 11, 12, 13, 14, 15, 16, 17, 18, 19, 20, 21, 22, 23, 24, 25, 26, 27, 28, 29, 30, 31, 32, 33]
[0, 1, 2, 3, 4, 5, 6, 7, 8, 9, 10, 11, 12, 13, 14, 15, 16, 17, 18, 19, 20, 21, 22, 23, 24, 25, 26, 27, 28, 29, 30, 31, 32, 33]
[0, 1]
[0, 1, 2]
[0, 1, 2, 3, 4]
[0]
[0]
[0]
[1]
[0]
[1]
[2, 3, 4, 5]
[0]
[1]
[2, 3, 4]
[0]
[1]
[2, 3, 4]
[5, 6, 7, 8, 9]
[0]
[1]
[2, 3, 4]
[5, 6, 7, 8, 9, 10, 11, 12, 13, 14, 15, 16, 17, 18, 19, 20, 21]
[0]
[1]
[2, 3, 4]
[5, 6, 7, 8, 9, 10, 11, 12, 13, 14, 15, 16, 17, 18, 19, 20]
[0]
[0]
[1, 2, 3, 4, 5, 6, 7, 8, 9, 10, 11, 12, 13]
[0, 1, 2, 3, 4, 5, 6, 7, 8, 9, 10, 11, 12, 13, 14, 15, 16, 17, 18, 19, 20, 21, 22, 23, 24, 25, 26, 27, 28]
[0, 1, 2, 3, 4, 5, 6, 7, 8, 9, 10, 11, 12]
[0, 1, 2, 3, 4, 5]
[0, 1, 2, 3, 4, 5, 6, 7, 8, 9]
[0, 1, 2]
[3, 4, 5, 6, 7, 8, 9, 10, 11, 12, 13]
[0, 1]
[2, 3, 4, 5]
[6, 7, 8, 9]
[10, 11, 12, 13, 14, 15, 16, 17]
[0, 1, 2, 3, 4, 5, 6, 7, 8, 9, 10, 11, 12, 13, 14, 15, 16, 17, 18, 19, 20, 21, 22, 23, 24, 25]
[0, 1, 2, 3, 4, 5, 6, 7, 8, 9, 10, 11, 12, 13, 14]
[0, 1, 2, 3, 4]
[0, 1, 2]
[0, 1, 2, 3, 4, 5, 6, 7, 8, 9, 10, 11, 12, 13, 14, 15, 16, 17, 18, 19, 20, 21, 22]
[0]
[1, 2, 3, 4, 5]
[0]
[0, 1, 2, 3, 4]
[0, 1, 2, 3, 4, 5, 6, 7, 8, 9, 10, 11, 12]
[0, 1, 2, 3, 4, 5, 6, 7, 8, 9, 10]
[0, 1, 2, 3, 4, 5, 6, 7, 8, 9, 10, 11, 12]
[0, 1, 2]
[3, 4, 5, 6, 7, 8, 9]
[10, 11, 12, 13, 14, 15, 16, 17, 18, 19, 20, 21, 22, 23, 24, 25, 26, 27, 28]
[0, 1, 2]
[3, 4, 5, 6, 7, 8, 9]
[10, 11, 12, 13, 14, 15, 16, 17, 18, 19, 20, 21, 22, 23, 24, 25, 26, 27, 28, 29]
[0, 1, 2]
[3, 4, 5, 6, 7, 8, 9]
[10, 11, 12, 13, 14, 15, 16, 17, 18, 19, 20, 21, 22, 23, 24, 25, 26, 27, 28, 29]
[0]
[1, 2]
[3, 4, 5]
[6, 7, 8, 9, 10]
[11, 12, 13, 14, 15, 16, 17, 18]
[19, 20, 21, 22, 23, 24, 25, 26, 27, 28]
[0, 1, 2]
[3, 4, 5, 6]
[7, 8, 9, 10, 11, 12, 13, 14]
[15, 16, 17, 18, 19, 20, 21, 22, 23, 24, 25, 26, 27, 28]
[0]
[0]
[1]
[0]
[1]
[2, 3, 4, 5, 6, 7, 8, 9, 10]
[0]
[1, 2]
[3]
[4, 5, 6, 7, 8, 9, 10, 11, 12, 13, 14]
[0]
[1]
[2, 3, 4, 5, 6]
[7, 8, 9, 10, 11, 12, 13, 14, 15, 16, 17, 18, 19, 20, 21, 22]
[0]
[1]
[2, 3, 4, 5, 6]
[7, 8, 9, 10, 11, 12, 13, 14, 15, 16, 17, 18, 19, 20]
[0]
[0]
[1, 2, 3, 4, 5, 6, 7, 8]
[0]
[1, 2, 3, 4, 5, 6, 7, 8]
[0]
[1, 2, 3, 4, 5, 6, 7, 8, 9, 10]
[0]
[1, 2, 3, 4, 5, 6, 7, 8, 9, 10, 11, 12]
[0]
[1, 2, 3, 4, 5, 6, 7, 8, 9, 10, 11, 12]
[13, 14, 15, 16, 17, 18, 19, 20, 21, 22, 23, 24, 25, 26, 27, 28, 29, 30, 31, 32, 33, 34, 35, 36]
[0, 1, 2, 3, 4, 5, 6]
[7, 8, 9, 10, 11, 12, 13, 14, 15, 16]
[17, 18, 19, 20, 21, 22, 23, 24, 25, 26, 27, 28, 29, 30, 31, 32, 33, 34, 35, 36]
[0, 1]
[2, 3, 4, 5, 6, 7, 8, 9, 10, 11, 12, 13, 14, 15, 16, 17, 18, 19, 20, 21, 22, 23, 24, 25]
[0]
[0]
[0]
[1, 2, 3, 4, 5]
[0]
[1, 2, 3, 4, 5, 6]
[0, 1]
[2, 3, 4, 5, 6, 7, 8, 9, 10]
[11, 12, 13, 14, 15, 16, 17, 18, 19, 20, 21, 22, 23, 24]
[0]
[1, 2, 3, 4, 5, 6, 7, 8]
[0, 1, 2, 3]
[4, 5, 6, 7, 8]
[0, 1, 2, 3]
[0, 1, 2, 3, 4, 5]
[0, 1, 2, 3, 4, 5]
[0, 1, 2, 3, 4, 5, 6, 7, 8, 9]
[0, 1, 2, 3, 4, 5, 6, 7, 8, 9]
[0]
[1, 2, 3, 4, 5, 6, 7, 8, 9, 10, 11, 12]
[0]
[1, 2, 3, 4, 5, 6, 7, 8, 9, 10, 11]
[0]
[1, 2, 3, 4, 5, 6, 7, 8, 9, 10, 11]
[0]
[0, 1, 2, 3, 4, 5, 6, 7, 8]
[0, 1, 2, 3, 4, 5, 6]
[0]
[0]
[1]
[0, 1]
[2, 3]
[4]
[5]
[6, 7, 8, 9]
[0]
[1]
[2, 3, 4, 5, 6, 7, 8, 9, 10, 11]
[0]
[1]
[2, 3, 4, 5, 6, 7, 8, 9, 10, 11, 12, 13, 14]
[0]
[1]
[2, 3, 4, 5, 6, 7, 8, 9, 10, 11, 12, 13, 14, 15, 16]
[0]
[1]
[2, 3, 4, 5, 6, 7, 8, 9, 10, 11, 12, 13, 14, 15, 16]
[0]
[1]
[2, 3, 4, 5, 6, 7, 8, 9, 10, 11, 12, 13, 14, 15, 16, 17, 18, 19, 20, 21, 22, 23]
[0]
[1]
[2, 3, 4, 5, 6, 7, 8, 9, 10, 11, 12, 13, 14, 15, 16, 17, 18, 19, 20, 21, 22, 23, 24, 25]
[0]
[1]
[2, 3, 4, 5, 6, 7, 8, 9, 10, 11, 12, 13, 14, 15, 16, 17, 18, 19, 20, 21, 22, 23, 24, 25]
[0]
[1]
[2, 3, 4, 5, 6, 7, 8, 9, 10, 11, 12, 13, 14, 15, 16, 17, 18, 19, 20, 21, 22, 23, 24, 25, 26]
[0]
[1]
[2, 3, 4, 5, 6, 7, 8, 9, 10, 11, 12, 13, 14, 15, 16, 17, 18, 19, 20, 21, 22, 23, 24, 25, 26, 27, 28]
[0]
[1]
[2, 3, 4, 5, 6, 7, 8, 9, 10, 11, 12, 13, 14, 15, 16, 17, 18, 19, 20, 21, 22, 23, 24, 25, 26, 27, 28, 29]
[0]
[1]
[2, 3, 4, 5, 6, 7, 8, 9, 10, 11, 12, 13, 14, 15, 16, 17, 18, 19, 20, 21, 22, 23, 24, 25, 26, 27, 28, 29, 30, 31, 32, 33]
[0]
[1]
[2, 3, 4, 5, 6, 7, 8, 9, 10]
[11, 12, 13, 14, 15, 16, 17, 18, 19, 20, 21, 22, 23, 24, 25, 26, 27, 28, 29, 30, 31, 32, 33, 34, 35, 36, 37, 38, 39, 40, 41, 42, 43, 44, 45, 46, 47]
[0]
[1]
[2, 3, 4, 5, 6, 7, 8, 9, 10]
[11, 12, 13, 14, 15, 16, 17, 18, 19, 20, 21, 22, 23, 24, 25, 26, 27, 28]
[0]
[1]
[2, 3, 4, 5, 6, 7, 8, 9]
[10, 11, 12, 13, 14, 15, 16, 17, 18, 19, 20, 21, 22, 23, 24, 25, 26, 27]
[0]
[1]
[2, 3, 4, 5, 6, 7, 8, 9, 10, 11, 12, 13, 14, 15, 16, 17, 18, 19, 20, 21, 22, 23, 24, 25, 26, 27, 28, 29]
[0]
[1]
[2, 3, 4, 5, 6, 7, 8, 9, 10, 11, 12, 13, 14, 15, 16, 17, 18, 19, 20, 21, 22, 23, 24, 25, 26, 27, 28, 29, 30]
[0]
[1]
[2, 3, 4, 5, 6, 7, 8, 9, 10, 11, 12, 13, 14, 15, 16, 17, 18, 19, 20, 21, 22, 23, 24, 25, 26, 27, 28, 29, 30]
[0]
[1]
[2, 3, 4, 5, 6, 7, 8, 9, 10, 11, 12, 13, 14, 15, 16, 17, 18, 19, 20, 21, 22, 23, 24, 25, 26, 27, 28, 29, 30, 31, 32]
[0]
[1]
[2, 3, 4, 5, 6, 7, 8, 9, 10, 11, 12, 13, 14, 15, 16, 17, 18, 19]
[0, 1, 2, 3, 4, 5]
[0]
[0]
[1, 2, 3, 4, 5, 6]
[7, 8, 9, 10, 11, 12, 13, 14, 15, 16, 17, 18]
[0, 1, 2]
[3, 4, 5, 6, 7, 8, 9]
[10, 11, 12, 13, 14, 15, 16, 17, 18]
[0, 1, 2, 3, 4, 5, 6, 7]
[8, 9, 10, 11, 12, 13, 14, 15, 16]
[0, 1, 2, 3, 4, 5, 6, 7, 8, 9]
[10, 11, 12, 13, 14, 15, 16, 17, 18]
[0, 1, 2, 3, 4, 5, 6, 7, 8, 9, 10]
[11, 12, 13, 14, 15, 16, 17, 18, 19]
[0, 1, 2, 3, 4, 5, 6, 7]
[8, 9, 10, 11, 12, 13, 14, 15, 16]
[0, 1, 2, 3, 4, 5, 6]
[7, 8, 9, 10, 11, 12, 13, 14, 15]
[0, 1]
[0, 1, 2, 3, 4, 5]
[6, 7, 8, 9, 10, 11, 12, 13, 14, 15]
[0]
[1, 2, 3, 4]
[5, 6, 7, 8, 9, 10, 11, 12, 13, 14, 15, 16]
[0]
[1, 2, 3, 4]
[5, 6, 7, 8, 9, 10, 11, 12, 13, 14, 15, 16]
[0]
[1, 2, 3, 4]
[5, 6, 7, 8, 9, 10, 11, 12, 13, 14, 15, 16, 17, 18, 19, 20, 21, 22, 23, 24]
[0]
[1, 2, 3]
[4, 5, 6, 7]
[0, 1, 2, 3]
[4, 5, 6, 7, 8, 9]
[0, 1, 2, 3]
[0, 1, 2, 3]
[4, 5, 6, 7, 8, 9]
[0]
[1, 2, 3, 4, 5, 6, 7, 8, 9]
[10, 11, 12, 13, 14, 15, 16, 17, 18, 19, 20, 21]
[0, 1, 2, 3, 4, 5, 6, 7]
[8, 9, 10, 11, 12, 13, 14, 15, 16]
[17, 18, 19, 20, 21, 22, 23, 24, 25, 26, 27, 28, 29, 30, 31]
[0, 1, 2]
[3, 4, 5, 6]
[7, 8, 9, 10, 11, 12, 13, 14, 15, 16, 17, 18]
[0, 1, 2]
[0]
[0]
[1]
[0]
[1]
[2, 3, 4, 5, 6, 7]
[0]
[1]
[2, 3, 4, 5, 6, 7]
[0]
[1]
[2]
[3, 4, 5, 6, 7, 8]
[0]
[1]
[2, 3]
[4, 5, 6, 7, 8, 9]
[0]
[1]
[2, 3, 4, 5, 6, 7]
[8, 9, 10]
[0]
[1]
[2, 3, 4, 5, 6, 7, 8, 9, 10, 11, 12, 13]
[0]
[1, 2, 3, 4]
[5, 6, 7, 8, 9, 10, 11, 12]
[13, 14, 15, 16, 17, 18, 19, 20, 21, 22, 23, 24, 25, 26, 27, 28, 29]
[0]
[1]
[2, 3, 4, 5]
[6, 7, 8, 9, 10]
[0]
[1, 2, 3, 4]
[5, 6, 7, 8, 9, 10, 11]
[0]
[1, 2, 3, 4]
[5, 6, 7, 8]
[0, 1, 2, 3]
[4, 5, 6, 7]
[0, 1, 2, 3]
[0]
[0]
[1]
[2, 3, 4, 5, 6, 7, 8, 9, 10]
[11, 12, 13, 14, 15, 16, 17, 18, 19, 20, 21, 22, 23, 24, 25, 26]
[27, 28, 29, 30, 31, 32, 33, 34, 35, 36, 37, 38, 39, 40, 41, 42, 43, 44, 45]
[0]
[1]
[2]
[3]
[4, 5, 6, 7, 8, 9, 10, 11, 12, 13]
[14, 15, 16, 17, 18, 19, 20, 21, 22, 23, 24, 25, 26]
[0]
[1]
[2]
[3]
[4, 5, 6, 7, 8, 9]
[10, 11, 12, 13, 14, 15, 16, 17, 18, 19]
[0]
[1]
[2, 3, 4, 5, 6, 7, 8, 9]
[10, 11, 12, 13, 14, 15, 16, 17, 18, 19]
[0]
[1]
[2, 3, 4, 5, 6, 7, 8, 9, 10, 11]
[0, 1, 2, 3, 4, 5]
[0, 1, 2, 3, 4, 5, 6, 7, 8, 9]
[0, 1, 2, 3, 4, 5, 6, 7, 8, 9]
[0]
[0]
[1]
[0]
[1]
[2, 3, 4, 5]
[6, 7, 8, 9, 10]
[0]
[1]
[2, 3, 4, 5, 6]
[7, 8, 9, 10, 11]
[0]
[1]
[2, 3, 4, 5, 6]
[7, 8, 9, 10, 11]
[0]
[1]
[2, 3, 4, 5, 6]
[7, 8, 9, 10, 11, 12, 13, 14, 15, 16]
[0]
[1]
[2, 3, 4, 5, 6]
[7, 8, 9, 10, 11, 12, 13, 14, 15, 16, 17, 18, 19]
[0]
[1]
[2, 3, 4, 5, 6]
[7, 8, 9, 10, 11, 12, 13, 14, 15, 16, 17, 18, 19]
[0]
[1]
[2, 3, 4, 5, 6]
[7, 8, 9, 10, 11, 12, 13, 14, 15, 16, 17, 18, 19, 20, 21, 22, 23, 24]
[0]
[1]
[2, 3, 4, 5, 6]
[7, 8, 9, 10, 11, 12, 13, 14, 15, 16, 17, 18, 19, 20, 21, 22, 23, 24]
[0]
[1]
[2, 3, 4, 5, 6]
[7, 8, 9, 10, 11, 12, 13, 14, 15, 16, 17, 18, 19, 20, 21, 22, 23, 24, 25]
[0]
[1]
[2, 3, 4, 5, 6]
[7, 8, 9, 10, 11, 12, 13, 14, 15, 16, 17, 18, 19, 20, 21, 22, 23, 24, 25, 26]
[0]
[1]
[2, 3, 4, 5, 6]
[7, 8, 9, 10, 11, 12, 13, 14, 15, 16, 17, 18, 19, 20, 21, 22, 23, 24, 25, 26]
[0]
[1]
[2, 3, 4, 5, 6, 7, 8, 9, 10, 11, 12, 13, 14, 15, 16, 17, 18, 19, 20, 21, 22, 23, 24, 25, 26, 27]
[0]
[1]
[2, 3, 4, 5, 6, 7, 8, 9, 10, 11, 12, 13, 14, 15, 16, 17, 18, 19, 20, 21, 22, 23, 24, 25, 26, 27, 28]
[0]
[1]
[2, 3, 4, 5, 6, 7, 8, 9, 10, 11, 12, 13, 14, 15, 16, 17, 18, 19, 20, 21, 22, 23, 24, 25, 26, 27, 28, 29, 30, 31, 32]
[0]
[1]
[2, 3, 4, 5, 6, 7, 8, 9, 10, 11, 12, 13, 14, 15, 16, 17, 18, 19, 20, 21, 22, 23, 24, 25, 26, 27, 28, 29, 30, 31]
[0]
[1]
[2, 3, 4, 5, 6, 7, 8, 9, 10, 11, 12, 13, 14, 15, 16, 17, 18, 19, 20, 21, 22, 23, 24, 25, 26, 27, 28, 29, 30, 31]
[0]
[1]
[2, 3, 4, 5, 6, 7, 8, 9, 10, 11, 12, 13, 14, 15, 16, 17, 18, 19, 20, 21, 22, 23, 24, 25, 26, 27, 28, 29, 30, 31, 32, 33, 34, 35, 36]
[0, 1]
[2]
[3]
[4, 5, 6, 7, 8, 9, 10, 11, 12, 13, 14, 15, 16, 17, 18, 19]
[0, 1, 2, 3, 4]
[0, 1, 2, 3, 4, 5, 6]
[0, 1, 2, 3, 4, 5, 6, 7, 8]
[0, 1, 2, 3, 4, 5, 6, 7, 8, 9]
[0]
[0]
[1, 2, 3, 4, 5]
[6, 7, 8, 9, 10, 11, 12, 13, 14, 15]
[0]
[1, 2, 3]
[4, 5, 6, 7, 8]
[9, 10, 11, 12, 13, 14]
[0]
[1, 2, 3]
[4, 5, 6, 7, 8, 9]
[10, 11, 12, 13, 14, 15, 16, 17, 18, 19]
[0]
[1, 2, 3]
[4, 5, 6, 7, 8, 9]
[10, 11, 12, 13, 14, 15, 16, 17, 18, 19, 20, 21, 22, 23, 24, 25, 26, 27, 28, 29, 30]
[0]
[1, 2, 3, 4, 5, 6]
[7, 8, 9, 10, 11, 12, 13, 14, 15, 16, 17, 18, 19, 20, 21, 22, 23, 24, 25, 26, 27, 28, 29]
[0]
[1, 2, 3, 4, 5, 6]
[7, 8, 9, 10, 11, 12, 13, 14, 15, 16, 17, 18]
[0]
[1, 2]
[3, 4]
[5, 6, 7, 8, 9, 10]
[0]
[1, 2]
[3, 4, 5, 6, 7, 8, 9, 10, 11, 12]
[0]
[1, 2]
[3, 4, 5, 6, 7, 8, 9, 10, 11, 12]
[0]
[1, 2]
[3, 4, 5, 6, 7, 8, 9, 10, 11, 12, 13, 14]
[0]
[1, 2]
[3, 4, 5, 6, 7, 8, 9, 10, 11, 12, 13]
[0]
[1, 2]
[3, 4, 5, 6, 7, 8, 9, 10, 11]
[0, 1, 2, 3]
[0]
[0, 1]
[2, 3]
[4]
[0]
[1, 2, 3, 4, 5, 6, 7, 8, 9, 10, 11]
[0]
[1, 2, 3, 4, 5, 6, 7, 8, 9, 10, 11]
[0]
[1, 2, 3, 4, 5, 6, 7, 8, 9, 10, 11, 12, 13, 14, 15]
[0]
[1, 2, 3, 4, 5, 6, 7, 8, 9, 10, 11, 12, 13]
[0]
[1, 2, 3, 4, 5, 6, 7, 8, 9, 10, 11, 12, 13]
[0]
[1, 2, 3, 4, 5, 6, 7, 8, 9, 10, 11, 12, 13]
[0]
[1, 2, 3, 4, 5, 6, 7, 8, 9, 10, 11, 12, 13, 14, 15, 16, 17, 18]
[0]
[1, 2, 3, 4, 5, 6, 7, 8, 9, 10, 11, 12, 13, 14, 15, 16, 17, 18, 19, 20, 21, 22, 23]
[0]
[1, 2, 3, 4, 5, 6, 7, 8, 9, 10, 11, 12, 13, 14, 15, 16, 17, 18, 19, 20, 21, 22, 23]
[0]
[1, 2, 3, 4, 5, 6, 7, 8, 9, 10, 11, 12, 13, 14, 15, 16, 17, 18, 19, 20, 21, 22, 23, 24, 25]
[0, 1, 2, 3, 4, 5, 6, 7]
[8, 9, 10, 11, 12, 13, 14, 15, 16, 17]
[18, 19, 20, 21, 22, 23, 24, 25, 26, 27, 28]
[29, 30, 31, 32, 33, 34, 35, 36, 37, 38, 39, 40, 41]
[0]
[1]
[2, 3, 4, 5, 6, 7, 8, 9, 10]
[11, 12, 13, 14, 15, 16, 17, 18, 19]
[20, 21, 22, 23, 24, 25, 26, 27, 28, 29]
[0]
[1]
[2, 3, 4, 5, 6, 7, 8, 9]
[10, 11, 12, 13, 14, 15, 16, 17, 18, 19, 20, 21, 22, 23, 24, 25, 26, 27, 28, 29]
[0]
[1]
[2, 3, 4, 5, 6, 7, 8, 9, 10, 11, 12, 13, 14, 15, 16]
[0]
[1]
[2, 3, 4, 5, 6, 7, 8, 9, 10, 11, 12, 13, 14, 15, 16, 17]
[0]
[1]
[2, 3, 4, 5, 6, 7, 8, 9, 10, 11, 12, 13, 14, 15, 16, 17, 18, 19]
[0]
[1]
[2, 3, 4, 5, 6, 7, 8, 9, 10, 11, 12, 13, 14, 15, 16, 17, 18, 19, 20, 21, 22]
[0]
[1]
[2, 3, 4, 5, 6, 7, 8, 9, 10, 11, 12, 13, 14, 15, 16, 17, 18, 19, 20, 21]
[0]
[1]
[2]
[3, 4, 5, 6, 7, 8]
[9, 10, 11, 12, 13, 14, 15, 16, 17, 18, 19]
[0]
[1]
[2, 3, 4, 5, 6]
[7, 8, 9, 10, 11, 12, 13, 14, 15, 16]
[0]
[1]
[2, 3, 4]
[0]
[1]
[0, 1, 2, 3]
[0]
[0]
[1]
[0]
[1]
[2]
[0]
[1]
[2]
[3]
[0]
[1]
[2]
[3, 4]
[0]
[1]
[2, 3]
[4, 5]
[0]
[1]
[2, 3]
[4]
[5, 6]
[7, 8, 9, 10, 11]
[12, 13, 14, 15, 16, 17, 18, 19, 20, 21]
[22, 23, 24, 25, 26, 27, 28, 29, 30, 31, 32]
[0]
[1]
[2]
[3, 4, 5, 6]
[7, 8]
[9, 10, 11, 12, 13, 14, 15, 16, 17, 18, 19]
[20, 21, 22, 23, 24, 25, 26, 27, 28, 29, 30, 31, 32, 33, 34, 35, 36, 37, 38, 39, 40, 41, 42, 43]
[0]
[1]
[2]
[3, 4, 5, 6, 7, 8, 9, 10, 11, 12, 13]
[0]
[1]
[2, 3, 4, 5, 6, 7, 8, 9, 10, 11, 12, 13, 14]
[0]
[1]
[2, 3, 4, 5, 6, 7, 8, 9]
[0]
[1]
[2, 3, 4, 5, 6]
[0]
[1]
[0]
[0]
[1]
[0]
[1]
[2, 3, 4, 5, 6, 7, 8, 9]
[0]
[1]
[2, 3, 4, 5, 6, 7, 8]
[9, 10, 11, 12, 13, 14, 15, 16, 17, 18, 19]
[0]
[1]
[2]
[3]
[4, 5, 6]
[7, 8, 9, 10, 11]
[12, 13, 14, 15, 16, 17, 18, 19, 20]
[21, 22, 23, 24, 25, 26, 27, 28, 29, 30, 31, 32]
[0]
[1]
[2, 3, 4, 5, 6, 7, 8, 9, 10]
[11, 12, 13, 14, 15, 16, 17, 18, 19, 20, 21, 22, 23, 24]
[0]
[1]
[2, 3, 4, 5, 6, 7, 8, 9, 10, 11, 12, 13, 14, 15, 16, 17, 18, 19, 20, 21, 22, 23, 24]
[0]
[1]
[2, 3, 4, 5, 6, 7, 8, 9, 10, 11, 12, 13, 14, 15, 16, 17, 18, 19, 20, 21, 22, 23]
[0]
[1]
[2, 3, 4, 5, 6, 7, 8, 9, 10, 11, 12, 13, 14, 15, 16, 17, 18, 19, 20, 21, 22, 23]
[0]
[1, 2, 3, 4, 5, 6, 7, 8, 9, 10, 11, 12, 13, 14, 15, 16, 17, 18, 19, 20, 21]
[0]
[1, 2, 3, 4, 5, 6, 7, 8, 9, 10, 11]
[0]
[1, 2, 3, 4, 5, 6, 7, 8, 9, 10, 11, 12, 13, 14]
[0]
[1, 2, 3, 4, 5, 6, 7, 8, 9, 10, 11, 12, 13, 14]
[0]
[1, 2, 3, 4, 5, 6, 7, 8, 9, 10, 11, 12, 13, 14, 15]
[0]
[1, 2, 3, 4, 5, 6, 7, 8, 9, 10, 11, 12, 13, 14, 15]
[0]
[0]
[1]
[0]
[1]
[2, 3, 4, 5, 6, 7, 8, 9]
[0]
[1]
[2, 3, 4, 5, 6, 7, 8, 9]
[0]
[1]
[2, 3, 4, 5, 6, 7, 8, 9, 10, 11, 12, 13, 14, 15, 16, 17, 18]
[0]
[1]
[2, 3, 4, 5, 6]
[7, 8, 9, 10, 11, 12, 13, 14, 15, 16, 17, 18, 19]
[0]
[1]
[2]
[3, 4]
[5, 6, 7, 8]
[9, 10, 11, 12, 13]
[0]
[1]
[2, 3, 4, 5, 6]
[7, 8, 9, 10, 11, 12, 13, 14]
[0]
[1]
[2, 3, 4, 5, 6]
[7, 8, 9, 10, 11, 12, 13, 14, 15, 16, 17]
[0]
[1]
[2, 3, 4, 5, 6]
[7, 8, 9, 10, 11, 12, 13, 14, 15, 16, 17]
[0]
[1]
[2]
[3, 4, 5]
[6, 7, 8, 9, 10, 11, 12, 13, 14, 15, 16]
[0]
[1]
[2]
[3, 4, 5, 6, 7, 8, 9, 10, 11, 12, 13, 14, 15, 16, 17, 18]
[0]
[1]
[2]
[3, 4, 5, 6, 7, 8, 9, 10, 11, 12, 13, 14, 15, 16, 17, 18, 19, 20]
[0]
[1]
[2]
[3, 4, 5, 6, 7, 8, 9, 10, 11, 12, 13, 14, 15, 16, 17, 18, 19, 20, 21, 22, 23, 24, 25]
[0]
[1]
[2]
[3, 4, 5, 6, 7, 8, 9, 10, 11, 12, 13, 14, 15, 16, 17, 18, 19, 20, 21, 22, 23, 24, 25, 26, 27, 28]
[0]
[1, 2]
[3]
[4, 5, 6, 7]
[8, 9, 10, 11]
[12, 13, 14]
[15, 16, 17, 18, 19, 20, 21, 22]
[0]
[1]
[2, 3, 4, 5]
[6, 7, 8]
[9, 10, 11]
[12, 13, 14, 15, 16, 17, 18, 19, 20, 21, 22, 23, 24, 25, 26, 27]
[0]
[1, 2, 3, 4]
[5, 6, 7]
[8, 9, 10, 11, 12, 13, 14, 15, 16, 17]
[0, 1, 2, 3]
[4, 5, 6, 7]
[8, 9, 10, 11]
[12, 13, 14]
[0, 1, 2, 3]
[4, 5, 6, 7]
[8, 9, 10, 11, 12]
[13, 14, 15]
[0, 1, 2]
[3, 4, 5, 6]
[7, 8, 9, 10]
[11, 12, 13]
[0, 1, 2]
[3, 4, 5, 6]
[0]
[0]
[1]
[0]
[1]
[2]
[0, 1, 2, 3]
[0, 1, 2, 3, 4, 5, 6, 7, 8]
[0, 1, 2, 3, 4, 5, 6, 7, 8, 9, 10, 11, 12, 13, 14, 15, 16, 17, 18, 19, 20, 21]
[0, 1]
[2, 3, 4]
[5, 6, 7, 8, 9, 10]
[11, 12, 13, 14, 15, 16, 17]
[0]
[1, 2, 3]
[4, 5, 6, 7, 8, 9]
[10, 11, 12, 13, 14, 15, 16]
[0]
[1, 2, 3]
[4, 5, 6, 7, 8, 9]
[10, 11, 12, 13, 14, 15, 16, 17, 18, 19, 20]
[0]
[1, 2, 3]
[4, 5, 6, 7, 8, 9]
[10, 11, 12, 13, 14, 15, 16, 17, 18, 19, 20, 21, 22, 23]
[0]
[1, 2, 3]
[4, 5, 6, 7]
[8, 9, 10, 11, 12, 13]
[14, 15, 16, 17, 18, 19, 20, 21, 22, 23]
[0]
[1, 2, 3]
[4, 5, 6, 7, 8]
[9, 10, 11, 12, 13, 14]
[0, 1, 2, 3]
[4, 5, 6, 7]
[8, 9, 10, 11, 12, 13]
[0]
[0]
[1, 2, 3, 4, 5, 6]
[0]
[1]
[2, 3, 4, 5, 6]
[0]
[1]
[2, 3, 4, 5, 6, 7, 8]
[0]
[1]
[2, 3, 4, 5, 6, 7, 8, 9, 10]
[0]
[1]
[2, 3, 4, 5, 6, 7, 8, 9, 10, 11]
[0, 1, 2, 3]
[4, 5, 6, 7, 8, 9]
[10, 11, 12, 13, 14, 15, 16, 17, 18, 19, 20, 21, 22, 23, 24, 25, 26, 27, 28, 29, 30, 31, 32, 33, 34, 35, 36, 37, 38]
[0, 1, 2, 3]
[4, 5, 6, 7, 8, 9]
[0, 1, 2, 3]
[4, 5, 6, 7, 8]
[0]
[0]
[1]
[0]
[1]
[2, 3, 4, 5, 6, 7, 8, 9, 10]
[0]
[1]
[2, 3, 4, 5, 6, 7, 8, 9, 10, 11, 12, 13, 14, 15, 16]
[0]
[1]
[2, 3, 4]
[5, 6, 7]
[8, 9, 10]
[11, 12, 13, 14]
[15, 16, 17]
[18, 19, 20, 21, 22, 23, 24, 25, 26, 27]
[0, 1, 2]
[3, 4, 5, 6]
[7, 8, 9, 10, 11]
[0, 1, 2]
[3, 4, 5]
[6, 7, 8, 9]
[0, 1, 2]
[3, 4, 5, 6, 7, 8, 9, 10]
[0, 1, 2, 3]
[0]
[0]
[0]
[1, 2, 3]
[0]
[1, 2]
[0]
[1]
[2, 3]
[0, 1]
[2]
[3]
[4, 5]
[6, 7, 8, 9, 10]
[0]
[1]
[2, 3]
[4, 5, 6, 7, 8, 9, 10, 11]
[0, 1, 2, 3, 4, 5, 6]
[0, 1, 2]
[3, 4, 5, 6, 7, 8, 9, 10, 11, 12, 13, 14, 15, 16]
[0, 1, 2]
[3, 4, 5, 6, 7, 8]
[9, 10, 11, 12, 13, 14, 15, 16, 17]
[0, 1]
[2, 3, 4]
[5, 6, 7, 8, 9, 10]
[11, 12, 13, 14, 15, 16, 17, 18, 19, 20, 21, 22, 23]
[0, 1]
[2, 3, 4]
[5, 6, 7, 8, 9, 10]
[11, 12, 13, 14, 15, 16, 17, 18, 19, 20, 21, 22]
[0, 1]
[2, 3, 4, 5, 6, 7]
[8, 9, 10, 11, 12, 13, 14, 15, 16, 17, 18, 19, 20, 21, 22, 23, 24]
[0, 1]
[2, 3, 4, 5, 6, 7]
[8, 9, 10, 11, 12, 13, 14, 15]
[16, 17, 18, 19, 20, 21, 22, 23]
[0, 1]
[2, 3, 4, 5, 6, 7]
[8, 9, 10, 11, 12, 13, 14, 15, 16, 17, 18, 19, 20, 21, 22, 23, 24, 25]
[0, 1]
[2, 3, 4, 5, 6, 7]
[8, 9, 10, 11, 12, 13]
[14, 15, 16, 17, 18, 19, 20, 21, 22, 23, 24, 25]
[0, 1]
[2, 3, 4, 5, 6, 7]
[8, 9, 10, 11, 12, 13]
[14, 15, 16, 17, 18, 19, 20, 21, 22, 23, 24, 25, 26]
[0, 1]
[2, 3, 4, 5, 6, 7]
[8, 9, 10, 11, 12, 13]
[14, 15, 16, 17, 18, 19, 20, 21, 22, 23, 24, 25, 26, 27]
[0, 1]
[2, 3, 4, 5, 6, 7]
[8, 9, 10, 11, 12, 13]
[14, 15, 16, 17, 18, 19, 20, 21, 22, 23, 24, 25, 26, 27]
[0, 1]
[2, 3, 4, 5, 6, 7]
[8, 9, 10, 11, 12, 13, 14]
[0, 1]
[2, 3, 4, 5, 6, 7]
[8, 9, 10, 11, 12, 13, 14]
[0, 1, 2, 3, 4, 5, 6, 7, 8, 9, 10]
[11, 12, 13, 14, 15, 16, 17]
[0, 1, 2, 3, 4, 5, 6]
[7, 8, 9, 10, 11, 12, 13, 14, 15, 16, 17]
[0, 1, 2, 3, 4, 5, 6]
[7, 8, 9, 10, 11, 12, 13, 14, 15, 16, 17, 18, 19, 20, 21, 22]
[0, 1, 2, 3, 4, 5, 6, 7, 8]
[0, 1, 2, 3, 4, 5, 6, 7]
[0, 1, 2, 3, 4, 5, 6, 7]
[0]
[0]
[0]
[1]
[0, 1, 2, 3, 4, 5]
[0, 1, 2, 3, 4, 5, 6, 7, 8, 9, 10, 11, 12, 13, 14, 15]
[0, 1, 2]
[0, 1, 2]
[0, 1, 2, 3, 4]
[0, 1, 2, 3, 4, 5, 6]
[0, 1, 2, 3, 4]
[5, 6, 7, 8, 9, 10, 11, 12, 13, 14, 15, 16]
[0, 1, 2]
[3, 4]
[5, 6, 7, 8, 9, 10, 11, 12, 13, 14, 15, 16, 17]
[0]
[1]
[2, 3, 4]
[5, 6, 7, 8, 9, 10, 11, 12]
[0]
[1, 2, 3]
[4, 5, 6, 7, 8, 9, 10, 11, 12, 13]
[0]
[0, 1]
[0]
[0, 1, 2, 3, 4, 5, 6, 7, 8, 9, 10, 11, 12, 13, 14, 15, 16, 17]
[0]
[1, 2, 3, 4, 5, 6, 7, 8, 9, 10, 11, 12, 13, 14, 15, 16, 17]
[0]
[1, 2, 3, 4, 5, 6, 7, 8, 9]
[0]
[0, 1, 2]
[0, 1, 2, 3, 4]
[0, 1, 2, 3, 4]
[5, 6, 7, 8, 9, 10]
[0, 1, 2, 3, 4, 5, 6, 7, 8, 9, 10]
[0, 1, 2, 3, 4, 5, 6, 7, 8, 9, 10, 11, 12, 13, 14, 15]
[0, 1, 2, 3, 4, 5, 6, 7, 8, 9, 10, 11, 12, 13, 14, 15, 16, 17]
[0, 1, 2, 3, 4, 5]
[6, 7, 8, 9, 10, 11, 12, 13, 14]
[0, 1, 2, 3, 4, 5]
[6, 7, 8, 9, 10, 11, 12, 13, 14]
[0, 1]
[2, 3, 4, 5]
[6, 7, 8, 9, 10]
[11, 12, 13, 14, 15, 16]
[0, 1, 2]
[3, 4, 5, 6]
[0, 1, 2]
[0, 1, 2, 3]
[0, 1, 2]
[0]
[0, 1, 2]
[0, 1, 2, 3, 4]
[0]
[1, 2, 3, 4, 5]
[0, 1]
[2]
[3, 4, 5, 6, 7]
[8, 9, 10, 11, 12, 13, 14, 15, 16, 17]
[0]
[1, 2, 3, 4]
[5, 6, 7, 8, 9]
[10, 11, 12, 13, 14, 15, 16, 17, 18, 19, 20, 21, 22, 23, 24]
[0]
[1, 2, 3, 4]
[5, 6, 7, 8, 9]
[10, 11, 12, 13, 14, 15, 16, 17, 18, 19, 20, 21, 22, 23]
[0]
[1, 2, 3, 4]
[5, 6, 7, 8, 9]
[10, 11, 12, 13, 14, 15, 16, 17, 18, 19, 20, 21, 22, 23, 24, 25, 26]
[0, 1, 2, 3, 4, 5]
[6, 7, 8, 9, 10, 11, 12, 13, 14]
[0, 1, 2, 3]
[0]
[0]
[0]
[1]
[0]
[1]
[2, 3, 4, 5]
[6, 7, 8, 9, 10, 11]
[12, 13, 14, 15, 16, 17, 18, 19]
[0]
[1]
[2, 3, 4, 5, 6]
[7, 8, 9, 10, 11, 12]
[13, 14, 15, 16, 17, 18, 19, 20]
[21, 22, 23, 24, 25, 26]
[0]
[1, 2, 3, 4, 5]
[6, 7, 8, 9, 10]
[11, 12, 13, 14, 15, 16, 17, 18, 19, 20, 21, 22, 23, 24, 25, 26, 27, 28, 29, 30, 31, 32, 33]
[0]
[1]
[2, 3, 4, 5]
[6, 7, 8, 9, 10, 11, 12]
[0]
[1]
[2, 3, 4, 5, 6, 7, 8, 9]
[10, 11, 12, 13, 14, 15, 16, 17, 18, 19]
[0]
[1]
[2, 3, 4, 5, 6, 7, 8, 9, 10, 11, 12, 13, 14, 15, 16, 17, 18, 19, 20]
[0]
[0]
[0]
[1, 2, 3, 4, 5]
[0]
[1, 2, 3, 4, 5, 6]
[0]
[1, 2, 3, 4, 5, 6, 7, 8, 9]
[10, 11, 12, 13, 14, 15, 16, 17, 18, 19, 20, 21, 22, 23, 24, 25, 26, 27, 28, 29, 30, 31, 32, 33]
[0, 1, 2, 3, 4, 5, 6]
[7, 8, 9, 10, 11, 12, 13, 14, 15, 16, 17, 18, 19, 20, 21, 22, 23, 24, 25, 26]
[0]
[1, 2, 3, 4, 5, 6, 7]
[8, 9, 10, 11, 12, 13, 14, 15, 16, 17, 18, 19, 20, 21, 22, 23, 24, 25]
[0]
[1, 2, 3, 4, 5, 6, 7, 8, 9, 10, 11, 12, 13, 14, 15, 16, 17, 18]
[0]
[1, 2, 3, 4, 5, 6, 7, 8, 9, 10, 11, 12, 13, 14, 15, 16, 17, 18]
[0, 1, 2, 3, 4, 5, 6, 7, 8, 9, 10, 11, 12, 13, 14, 15, 16, 17, 18, 19, 20]
[0, 1, 2, 3, 4, 5, 6, 7, 8, 9, 10, 11, 12, 13, 14, 15, 16, 17, 18, 19, 20, 21, 22, 23, 24]
[0, 1, 2, 3, 4, 5, 6, 7, 8, 9, 10, 11, 12, 13, 14, 15, 16, 17, 18, 19, 20, 21, 22, 23, 24, 25]
[0, 1, 2, 3, 4, 5, 6, 7, 8, 9, 10]
[0, 1, 2, 3, 4, 5, 6, 7, 8, 9, 10, 11]
[0, 1, 2, 3, 4, 5, 6, 7, 8, 9, 10, 11, 12, 13]
[0, 1, 2, 3, 4, 5, 6, 7, 8, 9, 10, 11, 12, 13, 14, 15, 16]
[0, 1, 2, 3, 4, 5, 6, 7, 8, 9, 10, 11, 12, 13, 14, 15, 16]
[0, 1, 2]
[0, 1]
[0, 1]
[2, 3, 4, 5, 6]
[0, 1]
[2, 3, 4, 5, 6, 7, 8, 9, 10, 11, 12, 13]
[0, 1]
[2, 3, 4, 5, 6]
[7, 8, 9, 10, 11, 12, 13, 14, 15, 16, 17]
[0, 1, 2, 3, 4, 5, 6, 7, 8, 9, 10, 11, 12, 13, 14, 15]
[0, 1, 2, 3]
[4, 5, 6, 7, 8, 9, 10, 11, 12, 13, 14, 15, 16, 17, 18, 19]
[0, 1, 2]
[3, 4, 5, 6, 7, 8, 9, 10, 11, 12, 13, 14, 15]
[0, 1, 2, 3]
[0, 1, 2, 3, 4]
[5, 6, 7, 8, 9, 10, 11, 12]
[13, 14, 15, 16, 17, 18]
[0, 1, 2, 3, 4, 5]
[6, 7, 8, 9, 10, 11, 12, 13, 14, 15, 16, 17, 18]
[0, 1, 2, 3, 4, 5]
[6, 7, 8, 9, 10, 11, 12, 13, 14, 15, 16, 17]
[0]
[1, 2, 3, 4, 5, 6, 7, 8, 9, 10, 11, 12, 13, 14, 15]
[0]
[1, 2, 3, 4, 5, 6, 7, 8, 9, 10, 11, 12, 13, 14, 15]
[0]
[1, 2, 3, 4, 5, 6, 7]
[8, 9, 10, 11, 12, 13, 14, 15, 16, 17, 18, 19, 20]
[0]
[1, 2, 3, 4, 5, 6, 7]
[8, 9, 10, 11, 12, 13, 14, 15, 16, 17, 18, 19, 20, 21, 22, 23, 24, 25, 26, 27, 28]
[0]
[1, 2, 3, 4, 5, 6]
[7, 8, 9, 10, 11, 12, 13]
[14, 15, 16, 17, 18, 19, 20, 21, 22, 23, 24, 25, 26, 27]
[0]
[1, 2, 3]
[4, 5, 6, 7, 8, 9, 10, 11, 12, 13, 14, 15, 16, 17, 18, 19]
[0, 1, 2]
[0, 1, 2]
[0, 1, 2, 3, 4]
[0, 1, 2, 3, 4, 5]
[0, 1, 2, 3, 4, 5, 6, 7]
[0, 1, 2, 3, 4, 5, 6, 7, 8, 9, 10, 11, 12, 13, 14, 15, 16, 17, 18]
[0, 1, 2, 3, 4, 5, 6, 7, 8, 9, 10, 11, 12, 13, 14, 15, 16, 17, 18]
[0]
[1, 2, 3, 4, 5, 6, 7, 8]
[0]
[1, 2, 3, 4, 5, 6, 7, 8, 9]
[0]
[1, 2, 3, 4, 5, 6, 7, 8, 9]
[0]
[1, 2, 3, 4, 5, 6, 7, 8, 9, 10, 11]
[0]
[1, 2, 3, 4, 5, 6, 7, 8, 9, 10, 11, 12, 13]
[0]
[1, 2, 3, 4, 5, 6, 7, 8, 9, 10, 11, 12, 13]
[0]
[0]
[1, 2, 3, 4, 5]
[0]
[1, 2, 3, 4, 5, 6, 7, 8, 9, 10, 11, 12, 13, 14, 15, 16, 17]
[0, 1, 2, 3, 4, 5, 6, 7]
[8, 9, 10, 11, 12, 13, 14, 15, 16, 17, 18, 19, 20, 21, 22, 23, 24]
[0, 1, 2, 3, 4, 5, 6, 7, 8, 9, 10, 11, 12]
[13, 14, 15, 16, 17, 18, 19, 20, 21, 22, 23, 24, 25, 26, 27, 28, 29, 30, 31]
[0, 1, 2, 3, 4, 5, 6, 7, 8, 9, 10, 11, 12]
[13, 14, 15, 16, 17, 18, 19, 20, 21, 22, 23, 24, 25, 26, 27]
[0, 1, 2, 3, 4]
[5, 6, 7, 8, 9, 10, 11, 12, 13, 14, 15, 16, 17, 18, 19, 20, 21, 22, 23, 24, 25, 26, 27, 28]
[0, 1, 2, 3, 4]
[5, 6, 7, 8, 9, 10, 11, 12, 13, 14, 15, 16, 17, 18, 19, 20, 21, 22, 23, 24, 25, 26]
[0]
[1, 2, 3, 4, 5, 6, 7, 8, 9]
[0, 1, 2, 3, 4, 5]
[0, 1, 2]
[0, 1, 2, 3, 4]
[0]
[1, 2, 3, 4]
[5, 6, 7, 8, 9, 10, 11, 12, 13, 14, 15, 16, 17, 18, 19, 20, 21]
[0]
[0]
[1, 2]
[3, 4, 5, 6, 7, 8, 9, 10, 11, 12, 13, 14, 15, 16, 17, 18, 19]
[0, 1, 2, 3, 4, 5, 6]
[7, 8, 9, 10, 11, 12, 13]
[14, 15, 16, 17, 18, 19, 20, 21, 22, 23, 24, 25, 26, 27, 28, 29]
[0, 1, 2, 3, 4, 5]
[6, 7, 8, 9, 10, 11]
[0, 1, 2, 3, 4]
[5, 6, 7, 8, 9, 10, 11, 12]
[0, 1, 2, 3, 4, 5]
[0, 1, 2, 3, 4, 5, 6, 7, 8]
[0, 1, 2, 3, 4, 5, 6, 7, 8]
[0, 1, 2, 3, 4]
[5, 6, 7, 8, 9, 10]
[11, 12, 13, 14, 15, 16, 17, 18, 19, 20]
[0]
[1, 2]
[3, 4, 5, 6, 7, 8, 9, 10, 11, 12, 13, 14, 15, 16, 17, 18, 19, 20]
[0, 1, 2, 3, 4, 5, 6, 7, 8, 9, 10, 11]
[0]
[0]
[0, 1, 2]
[0, 1, 2, 3, 4]
[0, 1, 2, 3, 4, 5, 6]
[0, 1, 2, 3, 4, 5, 6, 7, 8]
[0, 1, 2, 3, 4, 5, 6, 7, 8, 9, 10, 11, 12, 13, 14, 15, 16, 17, 18, 19, 20]
[0, 1, 2, 3, 4, 5, 6, 7, 8, 9, 10, 11]
[0, 1, 2]
[3, 4, 5, 6, 7, 8, 9, 10, 11, 12, 13, 14]
[0, 1, 2, 3, 4, 5, 6, 7, 8, 9, 10, 11, 12, 13, 14, 15]
[0, 1, 2, 3, 4, 5, 6, 7, 8, 9, 10, 11, 12, 13, 14, 15, 16]
[0, 1, 2, 3, 4, 5, 6, 7, 8, 9, 10, 11, 12, 13, 14, 15, 16, 17, 18]
[0, 1, 2, 3, 4, 5, 6, 7, 8, 9, 10, 11, 12, 13, 14, 15, 16, 17, 18, 19, 20, 21]
[0, 1, 2, 3, 4, 5, 6, 7, 8, 9, 10, 11, 12, 13, 14, 15, 16, 17, 18, 19, 20]
[0]
[0, 1, 2, 3]
[4, 5, 6, 7, 8, 9, 10, 11, 12, 13, 14, 15, 16, 17]
[0]
[1, 2, 3]
[4, 5, 6, 7, 8, 9, 10, 11, 12, 13, 14, 15, 16, 17, 18, 19, 20, 21, 22, 23]
[0]
[1, 2, 3]
[4, 5]
[6, 7, 8, 9, 10, 11, 12, 13, 14, 15, 16, 17, 18, 19, 20, 21, 22]
[0]
[1]
[2, 3, 4]
[5, 6, 7, 8, 9, 10, 11, 12, 13, 14, 15, 16, 17, 18, 19, 20, 21, 22, 23, 24, 25, 26, 27, 28, 29, 30]
[0]
[1, 2, 3]
[4, 5, 6]
[7, 8, 9, 10, 11, 12, 13, 14, 15, 16, 17, 18, 19, 20, 21, 22, 23, 24, 25, 26, 27, 28, 29, 30, 31, 32, 33, 34, 35, 36, 37, 38]
[0, 1, 2]
[3, 4, 5]
[6, 7, 8, 9]
[10, 11, 12, 13, 14, 15, 16, 17, 18, 19, 20, 21, 22, 23, 24, 25, 26, 27, 28, 29]
[0, 1, 2]
[3, 4, 5]
[6, 7, 8, 9, 10, 11, 12, 13, 14, 15, 16]
[17, 18, 19, 20, 21, 22, 23, 24, 25, 26, 27, 28, 29, 30, 31, 32]
[0, 1, 2]
[3, 4, 5]
[6, 7, 8, 9]
[10, 11, 12, 13, 14, 15]
[0, 1, 2]
[3, 4, 5]
[6, 7, 8]
[9, 10, 11, 12, 13, 14]
[0, 1, 2]
[3, 4, 5]
[6, 7, 8, 9, 10, 11, 12, 13, 14, 15]
[0, 1, 2]
[3, 4, 5]
[6, 7, 8, 9, 10, 11, 12, 13, 14, 15]
[0, 1, 2]
[3, 4, 5]
[6, 7, 8, 9, 10]
[0, 1, 2]
[3, 4, 5]
[6, 7, 8, 9, 10]
[0, 1, 2]
[3, 4, 5]
[6, 7, 8, 9, 10, 11, 12]
[0, 1, 2]
[3, 4, 5]
[6, 7, 8, 9, 10, 11, 12]
[0, 1, 2]
[3, 4, 5, 6, 7, 8, 9]
[0]
[0]
[1, 2, 3, 4, 5, 6]
[0]
[1, 2, 3, 4, 5, 6]
[7, 8, 9, 10, 11, 12]
[13, 14, 15, 16, 17, 18, 19, 20, 21, 22, 23, 24]
[0]
[1, 2, 3, 4, 5, 6]
[7, 8, 9, 10, 11]
[12, 13, 14, 15, 16, 17, 18, 19, 20, 21, 22, 23, 24]
[0]
[1, 2, 3, 4, 5, 6]
[7, 8, 9, 10, 11]
[12, 13, 14, 15, 16, 17, 18, 19, 20, 21, 22, 23, 24, 25, 26, 27]
[0, 1, 2, 3, 4, 5, 6, 7]
[8, 9, 10, 11, 12, 13, 14, 15, 16, 17, 18, 19, 20, 21, 22, 23, 24]
[0]
[0]
[1]
[0]
[1]
[2, 3, 4]
[0]
[1]
[2, 3, 4, 5, 6]
[0]
[1]
[2, 3, 4, 5, 6, 7, 8]
[0]
[1]
[2, 3, 4, 5, 6, 7, 8, 9, 10, 11, 12, 13, 14, 15, 16, 17, 18, 19, 20, 21, 22, 23]
[0]
[1]
[2, 3, 4, 5, 6, 7, 8, 9, 10, 11, 12, 13, 14, 15, 16, 17, 18, 19, 20, 21, 22, 23, 24, 25]
[0]
[1, 2, 3, 4, 5, 6, 7, 8, 9, 10, 11, 12, 13, 14, 15, 16, 17, 18, 19]
[0]
[1, 2, 3, 4, 5, 6, 7, 8, 9]
[0]
[0]
[1, 2, 3, 4, 5, 6]
[0]
[1, 2, 3, 4, 5, 6, 7, 8, 9, 10]
[0]
[1, 2, 3, 4, 5, 6, 7, 8, 9]
[0]
[1, 2, 3, 4, 5, 6, 7, 8, 9]
[0]
[1, 2, 3, 4, 5, 6, 7, 8, 9, 10]
[0]
[1, 2, 3, 4, 5, 6, 7, 8, 9, 10, 11]
[0]
[1, 2]
[3, 4, 5]
[6, 7, 8]
[9, 10, 11, 12, 13, 14, 15]
[16, 17, 18, 19, 20, 21, 22]
[23, 24, 25, 26, 27, 28, 29, 30, 31, 32, 33, 34, 35]
[0]
[1, 2, 3]
[4, 5, 6]
[7, 8, 9, 10, 11]
[12, 13, 14, 15, 16, 17, 18, 19, 20, 21, 22]
[0]
[1, 2, 3]
[4, 5, 6]
[7, 8, 9, 10, 11]
[12, 13, 14, 15, 16, 17, 18, 19, 20, 21, 22]
[0]
[1, 2, 3]
[4, 5, 6]
[7, 8, 9, 10, 11, 12, 13, 14, 15]
[16, 17, 18, 19, 20, 21, 22, 23, 24, 25, 26]
[0]
[0]
[1]
[0]
[0]
[1, 2, 3]
[0]
[1, 2, 3, 4, 5]
[0]
[1, 2, 3, 4, 5, 6, 7]
[0]
[1, 2, 3, 4, 5, 6, 7, 8, 9, 10, 11, 12]
[0]
[1, 2, 3, 4, 5, 6, 7]
[8, 9, 10, 11, 12, 13, 14, 15, 16, 17, 18, 19]
[0, 1, 2, 3]
[4, 5, 6, 7, 8, 9]
[10, 11, 12, 13, 14, 15, 16]
[0, 1, 2, 3]
[4, 5, 6, 7, 8, 9]
[10, 11, 12, 13, 14, 15, 16]
[0, 1, 2, 3, 4, 5]
[6, 7, 8, 9, 10, 11, 12, 13, 14, 15, 16, 17, 18]
[0, 1, 2]
[3, 4, 5, 6, 7, 8]
[9, 10, 11, 12, 13, 14, 15, 16, 17]
[0, 1, 2]
[3, 4, 5, 6, 7, 8]
[9, 10, 11, 12, 13, 14, 15, 16, 17, 18, 19, 20]
[0, 1, 2, 3]
[0]
[0]
[1, 2, 3, 4, 5, 6, 7, 8, 9, 10, 11]
[0]
[1, 2, 3, 4, 5, 6, 7, 8, 9, 10, 11, 12, 13, 14, 15, 16, 17, 18]
[0]
[1, 2, 3, 4, 5, 6, 7, 8, 9, 10, 11, 12, 13, 14, 15, 16, 17, 18, 19, 20, 21, 22, 23]
[0]
[1, 2, 3, 4, 5, 6, 7, 8, 9, 10, 11, 12, 13, 14, 15, 16, 17, 18, 19, 20, 21, 22, 23, 24, 25, 26, 27, 28, 29]
[0]
[1, 2, 3, 4, 5, 6, 7, 8, 9, 10, 11, 12, 13, 14, 15, 16, 17, 18, 19, 20, 21, 22, 23, 24, 25, 26, 27, 28, 29, 30]
[0]
[1, 2, 3, 4, 5, 6, 7, 8, 9, 10, 11, 12, 13, 14, 15, 16, 17, 18, 19, 20, 21, 22, 23, 24, 25, 26, 27, 28, 29, 30]
[0, 1, 2, 3, 4, 5, 6, 7, 8, 9, 10, 11, 12, 13, 14, 15, 16, 17, 18, 19, 20, 21, 22, 23, 24, 25, 26, 27, 28, 29, 30, 31, 32, 33, 34, 35]
[0, 1, 2, 3, 4, 5, 6, 7, 8, 9, 10, 11, 12, 13, 14, 15, 16, 17, 18, 19, 20, 21, 22, 23, 24, 25, 26, 27, 28, 29, 30, 31, 32]
[0, 1, 2, 3, 4, 5, 6, 7, 8, 9, 10, 11, 12, 13, 14, 15, 16, 17, 18, 19, 20, 21, 22, 23, 24, 25, 26, 27, 28, 29, 30, 31, 32]
[0, 1, 2, 3, 4, 5, 6, 7, 8, 9, 10, 11, 12, 13, 14, 15, 16, 17, 18, 19, 20, 21, 22, 23, 24, 25, 26, 27, 28, 29, 30, 31, 32, 33]
[0, 1, 2, 3, 4, 5, 6, 7, 8, 9, 10, 11, 12, 13, 14, 15, 16, 17, 18, 19, 20, 21, 22, 23, 24, 25, 26, 27, 28, 29, 30, 31, 32, 33, 34, 35, 36, 37]
[0, 1, 2, 3, 4, 5, 6, 7, 8, 9, 10, 11, 12, 13, 14, 15, 16, 17, 18, 19, 20, 21, 22, 23, 24, 25, 26, 27, 28, 29, 30, 31, 32, 33, 34, 35, 36, 37, 38, 39]
[0, 1, 2, 3, 4, 5, 6, 7, 8, 9, 10, 11, 12, 13, 14, 15, 16, 17, 18, 19, 20, 21, 22, 23, 24, 25, 26, 27, 28, 29, 30, 31, 32, 33, 34, 35, 36, 37, 38, 39, 40]
[0, 1, 2, 3, 4, 5, 6, 7, 8, 9, 10, 11, 12, 13, 14, 15, 16, 17, 18, 19, 20, 21, 22, 23, 24, 25, 26, 27, 28, 29, 30, 31, 32, 33, 34, 35, 36, 37, 38, 39, 40, 41]
[0, 1, 2, 3, 4, 5, 6, 7, 8, 9, 10, 11, 12, 13, 14, 15, 16, 17, 18, 19, 20, 21, 22, 23, 24, 25, 26, 27, 28, 29]
[0, 1, 2, 3, 4, 5, 6, 7, 8, 9, 10]
[11, 12, 13, 14, 15, 16, 17, 18, 19, 20, 21, 22, 23, 24, 25, 26, 27, 28, 29]
[0, 1, 2, 3]
[4, 5, 6, 7, 8]
[9, 10, 11, 12, 13, 14, 15, 16, 17, 18, 19, 20]
[0, 1, 2, 3, 4, 5, 6, 7, 8, 9, 10, 11]
[12, 13, 14, 15, 16, 17, 18, 19, 20, 21, 22]
[0, 1, 2, 3, 4, 5, 6, 7, 8, 9, 10]
[11, 12, 13, 14, 15, 16, 17, 18, 19, 20, 21, 22]
[0, 1, 2, 3, 4]
[5, 6, 7, 8, 9, 10, 11, 12, 13, 14, 15, 16, 17, 18]
[0, 1, 2, 3, 4, 5, 6, 7, 8, 9, 10, 11, 12, 13, 14, 15, 16, 17, 18]
[0]
[0]
[1, 2, 3]
[0]
[1, 2, 3, 4, 5]
[0]
[1, 2, 3, 4, 5, 6, 7]
[0]
[1, 2, 3, 4]
[5, 6, 7, 8, 9]
[10, 11, 12, 13, 14, 15, 16]
[0]
[1]
[2, 3, 4, 5, 6]
[7, 8, 9, 10, 11, 12, 13]
[0]
[1, 2, 3]
[4, 5, 6, 7, 8]
[9, 10, 11, 12]
[13, 14, 15, 16, 17]
[18, 19, 20, 21, 22, 23, 24, 25]
[0]
[1, 2, 3]
[4, 5, 6, 7, 8]
[9, 10, 11, 12, 13, 14]
[15, 16, 17, 18, 19, 20, 21, 22, 23, 24, 25]
[0]
[0]
[1, 2, 3]
[0]
[1, 2, 3, 4, 5]
[0]
[1, 2, 3, 4, 5, 6, 7]
[0]
[1, 2, 3, 4, 5, 6, 7, 8, 9]
[0, 1]
[2, 3, 4, 5]
[6, 7, 8, 9, 10, 11, 12, 13, 14, 15, 16, 17, 18, 19]
[0, 1, 2, 3, 4, 5, 6, 7, 8]
[9, 10, 11, 12, 13, 14, 15, 16, 17, 18, 19]
[0, 1, 2, 3, 4, 5, 6, 7, 8]
[9, 10, 11, 12, 13, 14, 15, 16, 17, 18]
[0, 1, 2, 3, 4]
[5, 6, 7, 8, 9, 10]
[11, 12, 13, 14, 15, 16, 17, 18, 19]

--- Statistics Summary ---
Strategy used: SafestTile
Total games: 100
Total time: 1.4306750297546387
Wins: 45
Losses: 55
Winrate: 45.00%
Average time per game: 0.01 seconds
Average time per win: 0.02 seconds
Median win: 0.01
timeouts: 0
True
